
        0   1   2-  3*  4*  5   6
      +---+---+---+---+---+---+---+
TEMP  |982|985|989|991|989|992|987|
      +---+---+---+---+---+---+---+
TIME  |984|988|988|993|983|987|978|
      +---+---+---+---+---+---+---+
ADD   |176|259|277|705|741|703|696|
      +---+---+---+---+---+---+---+
SOLV  |520|908|800|897|775|838|741|
      +---+---+---+---+---+---+---+
         



        0   1   2-  3*  4*  5   6   7   8   9
      +---+---+---+---+---+---+---+---+---+---+
TEMP  |982|989|992|991|985|992|988|991|979|987|
      +---+---+---+---+---+---+---+---+---+---+
TIME  |984|991|985|984|980|988|978|976|975|984|
      +---+---+---+---+---+---+---+---+---+---+
ADD   |190|494|676|656|598|699|641|718|633|596|
      +---+---+---+---+---+---+---+---+---+---+
SOLV  |533|919|812|875|669|850|664|907|724|771|
      +---+---+---+---+---+---+---+---+---+---+
         